params:
  eccentricity: 1.0
  r0: 17.288407072422736
  theta0: 161.254672152365
  x0: 5.761920739590889
  y0: -1.2495512045284374
uparams:
  eccentricity: 0.0
  r0: 0.6792573217152429
  theta0: 2.7528102487901953
  x0: 0.8183323226200439
  y0: 1.6170640857688103
