params:
  __lnsigma: -0.417897803684002
  eccentricity: 1.070798193388295
  r0: 7.638068634128533
  theta0: 162.545318007371
  x0: -0.19006696010244425
  y0: -1.4903420349819423
uparams:
  __lnsigma: 0.13167345837913108
  eccentricity: 0.05842952454875816
  r0: 0.6469003745285744
  theta0: 1.5939285637469283
  x0: 0.6484186205353965
  y0: 0.5800322107999071
