params:
  __lnsigma: -1.175131094296181
  eccentricity: 0.7237707121662603
  r0: 3.7149544912207078
  theta0: 71.37554759752622
  x0: 15.243792019020848
  y0: 6.875136631096932
uparams:
  __lnsigma: 0.3196456662140402
  eccentricity: 0.18903780248650315
  r0: 0.9063859498703435
  theta0: 32.120746859347925
  x0: 1.7988390720034833
  y0: 1.3864292680098025
